file        MST     DFS+MST LS+MST  LS      LS fast     SA      TS      GEN     MEM
xqf131.tsp  463     761     595     623     1037        566     596     3476    1179
xqg237.tsp  878     1409    1056    1130    2173        1047    1119    10009   2706
pma343.tsp  1143    1867    1460    1547    2803        1409    1523    29287   4342
pka379.tsp  1117    1771    1416    1523    2700        1378    1507    29974   4200
bcl380.tsp  1419    2223    1436    1565    2742        1691    1869    22160   5291
pbl395.tsp  1097    1793    1391    1515    2957        1347    1567    17029   3954
pbk411.tsp  1157    1846    1449    1566    3131        1425    1579    19409   4371
pbn423.tsp  1180    1950    1498    1572    3161        1442    1489    19826   4288
pbm436.tsp  1238    2015    1583    1678    3410        1527    1689    20156   4899
xql662.tsp  2193    3557    2703    2897    5601        2707    3128    46727   9132
xit1083.tsp 0       0       3922    4279    8694        4213    6740    98256   18503
icw1483.tsp 0       0       4828    5238    11023       6004    9703    140013  32877
djc1785.tsp 0       0       6657    7259    15006       9077    11315   198444  63689
dcb2086.tsp 0       0       7261    7942    17577       11394   5012    253707  81492
pds2566.tsp 0       0       8415    9254    21490       15569   14145   324833  125230