data/xqf131.tsp 3534 3907 3769.96
data/xqg237.tsp 10262 10927 10692.6
data/pma343.tsp 29513 31577 30773.5
data/pka379.tsp 30856 32791 32024.6
data/bcl380.tsp 22377 23390 23014.6
data/pbl395.tsp 17480 18276 17903.7
data/pbk411.tsp 19681 20481 20153.4
data/pbn423.tsp 19892 20874 20523.5
data/pbm436.tsp 20601 21428 21061
data/xql662.tsp 46399 49059 48348.1
data/xit1083.tsp 99146 101619 100241
data/icw1483.tsp 140807 144683 143405
data/djc1785.tsp 199266 203381 201833
data/dcb2086.tsp 255349 258661 257149
data/pds2566.tsp 326791 331437 329400
