data/xqf131.tsp 1179 1489 1366.11
data/xqg237.tsp 2706 3162 2965.76
data/pma343.tsp 4342 5018 4677.12
data/pka379.tsp 4200 5014 4673.79
data/bcl380.tsp 5291 6204 5627.9
data/pbl395.tsp 3954 4756 4416.01
data/pbk411.tsp 4371 5176 4799.32
data/pbn423.tsp 4288 5338 4879.08
data/pbm436.tsp 4899 5454 5148.58
data/xql662.tsp 9132 11991 10251.9
data/xit1083.tsp 18503 36219 24437.6
data/icw1483.tsp 32877 53895 43332.9
data/djc1785.tsp 63689 98952 78204.2
data/dcb2086.tsp 81492 136339 112572
data/pds2566.tsp 125230 201227 162498
