data/xqf131.tsp 3622 3911 3800.94
data/xqg237.tsp 10339 11023 10766.1
data/pma343.tsp 30001 31842 31162
data/pka379.tsp 30852 33245 32428.9
data/bcl380.tsp 22604 23490 23151.1
data/pbl395.tsp 17609 18361 18048.5
data/pbk411.tsp 19706 20627 20321.3
data/pbn423.tsp 20171 20965 20653.5
data/pbm436.tsp 20799 21561 21243.6
data/xql662.tsp 47946 49487 48799.3
data/xit1083.tsp 99550 102170 101048
data/icw1483.tsp 142689 145938 144624
data/djc1785.tsp 200197 204743 202984
data/dcb2086.tsp 255923 260108 258696
data/pds2566.tsp 327133 333466 331186
