data/xqf131.tsp 3476 3840 3699.25
data/xqg237.tsp 10009 10808 10530.5
data/pma343.tsp 29287 30972 30373.7
data/pka379.tsp 29974 32287 31586.9
data/bcl380.tsp 22160 23100 22726.2
data/pbl395.tsp 17029 18009 17725.5
data/pbk411.tsp 19409 20255 19965.8
data/pbn423.tsp 19826 20569 20303.1
data/pbm436.tsp 20156 21082 20836.5
data/xql662.tsp 46727 48414 47888.8
data/xit1083.tsp 98256 100525 99631
data/icw1483.tsp 140013 144098 142657
data/djc1785.tsp 198444 201876 200768
data/dcb2086.tsp 253707 257803 255989
data/pds2566.tsp 324833 329701 328070
