#SplayTree
10000 297406 8399094 1861801 36 194149 53897 33
20000 652309 18374564 4075143 40 406836 117218 37
30000 1028603 28941528 6418349 42 620038 180791 39
40000 1419941 39908247 8851796 43 841133 248280 40
50000 1821922 51276318 11378297 43 1080083 324754 42
60000 2232478 62756267 13921012 44 1289187 386275 42
70000 2646375 74285555 16481061 46 1522749 460008 43
80000 3070665 86211295 19131910 45 1765915 538634 44
90000 3499565 98241294 21802627 47 2002066 613646 44
100000 3933505 110528052 24521054 46 2207847 673491 43
#RBTree
10000 223149 2021233 457975 16 197764 54568 16
20000 486775 4242009 964998 17 412806 117809 17
30000 765728 6538030 1490702 18 634432 184337 18
40000 1055207 8888783 2029575 19 860469 253064 19
50000 1351506 11270952 2576693 19 1089613 323355 19
60000 1655187 13690191 3132615 19 1322114 395322 19
70000 1960444 16116491 3690200 20 1554704 467356 20
80000 2271236 18570509 4254724 20 1790121 540764 20
90000 2587547 21055208 4826900 20 2027878 615341 20
100000 2906174 23545199 5399797 20 2265870 690046 20
#BSTree
10000 281467 1499015 303699 30 40077 31 31
20000 620287 3257284 664941 32 80092 33 33
30000 972576 5076003 1039519 35 120088 36 36
40000 1376500 7127395 1465996 36 160088 37 37
50000 1761076 9088145 1872163 38 200094 39 39
60000 2173043 11174390 2306487 39 240097 40 40
70000 2529259 13012365 2685402 38 280101 39 39
80000 2895601 14889420 3072776 38 320093 39 39
90000 3364527 17237476 3565436 39 360099 40 40
100000 3761219 19259444 3984666 39 400103 40 40
