#SplayTree
10000 162050 4101244 928076 3637 190002 33635 10000
20000 353968 8868125 2007165 13346 367005 86745 20000
30000 557815 13862644 3137304 17230 743816 141990 30000
40000 757720 18329575 4150260 30353 1194692 237289 40000
50000 982190 24194047 5473279 26201 1170512 220301 50000
60000 1205375 29768884 6733317 46235 1811447 360522 60000
70000 1428651 35587036 8042718 28329 1409032 254133 70000
80000 1653043 40727830 9209559 43343 1911917 361724 80000
90000 1875453 45696617 10336583 42827 1649862 288511 90000
100000 2097463 51707399 11691702 60446 2562256 492894 100000
#RBTree
10000 311583 2751666 607755 24 219025 64442 24
20000 683138 5803997 1285365 26 457900 138860 26
30000 1076212 8958124 1985878 27 699123 214459 27
40000 1486297 12205360 2710457 28 955582 297694 28
50000 1903863 15482217 3439776 29 1205056 377421 29
60000 2335255 18820466 4182861 29 1457959 458879 29
70000 2766733 22186595 4936290 30 1728197 548998 30
80000 3214604 25620020 5703115 30 1990923 635360 30
90000 3660545 29032619 6461156 30 2241098 715440 30
100000 4107367 32466632 7229438 31 2509847 804807 31
#BSTree
10000 74961621 350111393 74991609 9999 50000 10000 10000
20000 300629841 1403049247 300689831 19999 154395 20000 20000
30000 675358153 3152227494 675448144 29999 161191 30000 30000
40000 1201118192 5605532585 1201238176 39999 200000 40000 40000
50000 1872575897 8741628465 1872725887 49999 250000 50000 50000
60000 2701563341 12607843256 2701743334 59999 455067 60000 60000
70000 3676673106 17158547276 3676883091 69999 539175 70000 70000
80000 4802354676 22411538565 4802594664 79999 549223 80000 80000
90000 6076650038 28358985014 6076920025 89999 473343 90000 90000
100000 7498818928 34997925618 7499118919 99999 500000 100000 100000
